you            18.968840 17.023664 30.009676 14.613657  0.000000  0.000000  6.136756 21.980896
sale           14.960736  4.560448  0.000000  0.721028  0.000000  0.000000  0.000000  0.000000
off            12.668262  9.050290  0.000000  0.721028 26.756368  0.000000 10.343444 16.628987
our            12.446202 10.058152 35.447961 18.144441 23.162280  0.000000 21.461165  0.000000
last           10.502602  0.000000  0.000000  0.000000  0.000000  0.000000  7.244867  2.704043
50%             9.826615  4.459118  0.000000  0.721028  0.000000  0.000000  0.000000 16.628987
day             9.775929  0.000000  0.000000  0.000000  0.000000  0.000000  0.000000  2.704043
today           9.086398  4.560448  0.000000  0.000000  0.000000  0.000000  0.000000  0.000000
one             9.070279  0.000000  0.000000  0.708914  0.000000  0.000000  7.244867  0.000000
we              6.697463 12.109022  4.384253  5.035870 22.067864  0.000000  0.000000  6.071424
got             6.676241  4.147976  0.000000  5.035870 22.067864  0.000000  0.000000  2.672035
on              6.535075  3.886531  0.000000  0.721028  0.000000  0.000000  0.000000  2.939722
only            6.212974  4.251942  0.000000  5.075014  0.000000  0.000000  0.000000  0.000000
special         6.209730  3.622793  0.000000  0.000000  0.000000  0.000000  0.000000  0.000000
price           6.209730  3.622793  0.000000  0.000000  0.000000  0.000000  0.000000  0.000000
khaki           6.209730  8.711060 24.868558  0.000000  0.000000  0.000000  0.000000  0.000000
probably        6.189906  0.000000  0.000000  0.000000  0.000000  0.000000  0.000000 21.980896
this            6.138075 13.359521  0.000000  4.414458  4.077509  0.000000  7.244867 15.110135
ends            6.112579  4.560448  0.000000  0.000000  0.000000  0.000000  0.000000  0.000000
extra           6.070041  4.564017  0.000000  0.721028  0.000000  0.000000  0.000000 19.251901
—               5.459859  3.902621  0.000000  0.000000  0.000000  0.000000  0.000000  0.000000
your            5.446430 14.623900 24.868558  6.476084  0.000000  0.000000 10.343444 22.240744
going           5.030975  4.459118  0.000000  0.000000  0.000000  0.000000  0.000000  0.000000
now             4.243316  3.622793  0.000000  0.000000  0.000000  0.000000  0.000000  0.000000
want            3.863741  0.000000  0.000000  0.000000  0.000000  0.000000  0.000000 21.980896
up              3.863741  0.000000  0.000000  0.000000 26.756368  0.000000  0.000000 16.628987
pants           3.800718  4.739179  0.000000  5.417677  0.000000  0.000000 10.343444  0.000000
new             3.800718  9.231643  0.000000  0.000000 93.590866 30.400946 22.546610  0.000000
go              3.800718  0.000000  0.000000  0.000000  0.000000  0.000000  7.244867  0.000000
made            3.799243  0.000000  4.384253  9.141665  0.000000  0.000000  0.000000  0.000000
gift            3.799243  0.000000  0.000000  0.000000  0.000000  0.000000  9.258000  0.000000
can             3.799243  0.000000  0.000000  4.374986  0.000000  0.000000  0.000000  0.000000
summer          3.665041  0.000000  0.000000 10.148799  0.000000  0.000000  0.000000  0.000000
savings         3.268656  0.000000  0.000000  0.771329  0.000000  0.000000  0.000000  0.000000
season          2.973819  4.223990  0.000000  3.922620  0.000000  0.000000  0.000000  0.000000
end             2.973819  0.000000  0.000000  3.922620  0.000000  0.000000  0.000000 15.312893
year            2.881441  0.000000  0.000000  0.000000 20.347234  0.000000  1.644299  0.000000
what            2.864361 18.114336  0.000000  0.691771  0.000000 38.916823  9.300531  0.000000
guess           2.864361  0.000000  0.000000  0.000000  0.000000 38.916823  0.000000  0.000000
how             2.824867  0.688552  0.000000  5.395320  0.000000  0.000000  1.633544 15.110135
get             2.824867  0.000000 30.126824  9.637060 47.103602  0.000000  0.000000  0.000000
time            2.486040  0.000000  0.000000  0.000000  0.000000  0.000000 14.953053  0.000000
just            2.486040  3.902621  0.000000  0.000000  0.000000  0.000000  0.000000  0.000000
don't           2.486040  0.000000  0.000000  0.649641  0.000000  0.000000  0.000000  0.000000
out             2.326165  0.000000  0.000000  4.438044  0.000000  0.000000  0.000000  0.000000
long            0.553831  0.000000  0.000000  0.000000 26.756368  0.000000 14.953053  0.000000
all             0.553831  0.000000 30.009676  0.000000  0.000000  0.000000 11.469423  0.000000
staples         0.438723  0.000000  0.000000  4.561389  0.000000  0.000000  0.000000  0.000000
save            0.438723  4.821934  0.000000  0.000000  0.000000  0.000000  0.000000  0.000000
deal            0.410383  4.856214  0.000000  0.000000  4.077509  0.000000  0.000000  0.000000
lose            0.006334  4.870931  0.000000  0.000000  0.000000  0.000000  7.863315  0.000000
with            0.000000  9.023135  0.000000  0.000000 20.347234  0.000000  0.000000  0.000000
need            0.000000  5.106319  0.000000  0.000000  0.000000  0.000000  1.633544  0.000000
know            0.000000  5.106319 30.126824  0.000000  0.000000  0.000000  0.000000  0.000000
use             0.000000  4.870931  0.000000  0.000000  0.000000  0.000000  7.863315  0.000000
ever            0.000000  4.856214  0.000000  8.337077  0.000000  0.000000  0.000000  0.000000
biggest         0.000000  4.856214  0.000000  3.922620  0.000000  0.000000  0.000000  0.000000
meet            0.000000  4.761213  0.000000  0.000000  0.000000  0.000000 12.203165  0.000000
let             0.000000  4.686269  0.000000  0.000000  0.000000  0.000000  7.244867  0.000000
holiday         0.000000  4.564017  0.000000  1.580445  0.000000  0.000000  9.258000  0.000000
gifts           0.000000  4.564017  0.000000  0.649641  0.000000  0.000000  1.633544 21.980896
easy            0.000000  4.564017  0.000000  0.809116  0.000000  0.000000  0.000000  0.000000
smart           0.000000  4.545374 30.009676  0.000000  0.000000  0.000000  0.000000  0.000000
introducing     0.000000  4.473643  0.000000  0.000000  0.000000  0.000000 17.207602  0.000000
these           0.000000  4.468398  4.384253  9.317897 23.935980  0.000000  0.000000  0.000000
have            0.000000  4.400607  0.000000  5.229917  0.000000  0.000000  0.000000  0.000000
may             0.000000  4.223990  0.000000  4.414458 23.162280  0.000000  0.000000  3.399388
best            0.000000  4.223990  0.000000  6.067319  0.000000  0.000000  1.633544  0.000000
that            0.000000  4.103578  0.000000  4.374986  0.000000  0.000000  1.644299  0.000000
find            0.000000  4.103578  0.000000  0.000000  0.000000  0.000000  1.633544  0.000000
30%             0.000000  3.902621  0.000000  0.000000 26.756368  0.000000 10.343444  0.000000
layering        0.000000  3.886531  0.000000  4.414458  0.000000  0.000000  0.000000  0.000000
fall            0.000000  3.886531  0.000000  4.769008  0.000000  0.000000  0.000000  0.000000
&               0.000000  0.809678  0.000000  0.000000  4.077509  0.000000  7.949602  0.000000
take            0.000000  0.688552  0.000000  0.721028  0.000000  0.000000  0.000000  0.000000
true            0.000000  0.635601  0.000000  0.000000  0.000000 38.916823  0.000000  0.000000
khakis          0.000000  0.489461  4.384253  0.000000  0.000000  0.000000  0.000000  0.000000
favorite        0.000000  0.489461  0.000000  4.895639  0.000000  0.000000 10.343444  0.000000
classic         0.000000  0.489461  0.000000  0.000000  4.077509  0.000000  0.000000  0.000000
styles          0.000000  0.394323  0.000000  5.442635  0.000000  0.000000  0.000000  0.000000
flex            0.000000  0.000000 65.457637  4.368643  0.000000  0.000000  0.000000  0.000000
no              0.000000  0.000000  4.384253  0.000000  0.000000  0.000000 14.953053  0.000000
holidays        0.000000  0.000000  0.000000  9.975595  0.000000  0.000000 11.469423  0.000000
wear            0.000000  0.000000  0.000000  5.587409  0.000000  0.000000  0.000000 15.110135
essential       0.000000  0.000000  0.000000  4.895639  0.000000  0.000000  0.000000 15.110135
guide           0.000000  0.000000  0.000000  4.414458  0.000000  0.000000  9.258000  0.000000
us              0.000000  0.000000  0.000000  0.721028  0.000000  0.000000  6.136756  0.000000
exclusive       0.000000  0.000000  0.000000  0.708914  3.588746  0.000000  0.000000  0.000000
dockers         0.000000  0.000000  0.000000  0.000000 22.067864  0.000000  7.949602 16.628987
brand           0.000000  0.000000  0.000000  0.000000 22.067864 30.400946  0.000000  0.000000
shirt           0.000000  0.000000  0.000000  0.000000  0.000000 30.682231  0.000000  2.939722
