                Dedicated      Core Innovatio     Trend NewArriva ProductSp     Brand      Tops     Total
free              1282898         0         0         0         0         0         0         0   1282898
everything         884361         0         0         0         0         0         0         0    884361
50%               1278400    324808         0     50471         0         0         0    254572   1908251
off               1648086    659235         0     50471    330538         0    295244    254572   3238146
shipping          1282898         0         0         0         0         0         0         0   1282898
absolutely         884361         0         0         0         0         0         0         0    884361
+                 1282898         0         0         0         0         0         0         0   1282898
returns            398537         0         0         0         0         0         0         0    398537
extra              394843    332449         0     50471         0         0         0    294726   1072489
bigger             451087         0         0         0         0         0         0         0    451087
even               451087         0         0         0         0         0         0         0    451087
news               821545         0         0         0         0         0         0         0    821545
you               2165140   1240026    300230   1022936         0         0    175168    336504   5240004
we                1739861   1219834     43862    718591    272618         0         0     92947   4087713
got                868550    302144         0    718034    272618         0         0     40906   2202252
treat              498092         0         0         0         0         0         0         0    498092
early             1050129         0         0         0         0         0         0         0   1050129
right              552037         0         0         0         0         0         0         0    552037
now                552037    263889         0         0         0         0         0         0    815926
starts             552037         0         0         0         0         0         0         0    552037
access             552037         0         0         0         0         0         0         0    552037
some               370458         0         0         0         0         0         0         0    370458
guess              372641         0         0         0         0    358889         0         0    731530
really             370458         0         0         0         0         0         0         0    370458
what               372641   1319472         0     48423         0    358889    265475         0   2364900
exciting           370458         0         0         0         0         0         0         0    370458
click              323423         0         0         0         0         0         0         0    323423
this              2052044    973125         0    309006     50372         0    206798    231320   3822665
don't              323423         0         0     45474         0         0         0         0    368897
—                  710304    284272         0         0         0         0         0         0    994576
time               323423         0         0         0         0         0    426821         0    750244
just               323423    284272         0         0         0         0         0         0    607695
think              323423         0         0         0         0         0         0         0    323423
get                761542         0    301402    674581    581900         0         0         0   2319425
else               878810         0         0         0         0         0         0         0    878810
everyone           878810         0         0         0         0         0         0         0    878810
ahead              802110         0         0         0         0         0         0         0    802110
today             1990382    332189         0         0         0         0         0         0   2322571
last              1366343         0         0         0         0         0    206798     41396   1614537
sale              2598233    332189         0    325049         0         0         0         0   3255471
end                386881         0         0    274578         0         0         0    234424    895883
day               1271806         0         0         0         0         0         0     41396   1313202
fyi                386881         0         0         0         0         0         0         0    386881
our               1619197   1072389    354637   1270086    286138         0    612589         0   5215036
season             386881    307681         0    274578         0         0         0         0    969140
yourself           494265         0         0         0         0         0         0         0    494265
gift               494265         0         0         0         0         0    264261         0    758526
made               494265         0     43862    639904         0         0         0         0   1178031
can                494265         0         0    306243         0         0         0         0    800508
first              494265         0         0         0         0         0         0         0    494265
one               1180004         0         0     49623         0         0    206798         0   1436425
👏                 884925         0         0         0         0         0         0         0    884925
only              1693206    309717         0    355244         0         0         0         0   2358167
week                72051         0         0         0         0         0         0         0     72051
savings            425238         0         0     53992         0         0         0         0    479230
long                72051         0         0         0    330538         0    426821         0    829410
all                 72051         0    300230         0         0         0    327384         0    699665
long-weekend        72051         0         0         0         0         0         0         0     72051
how                367503     50155         0    377665         0         0     46628    231320   1073271
will               367503         0         0         0         0         0         0         0    367503
much               367503         0         0         0         0         0         0         0    367503
ends               795220    332189         0         0         0         0         0         0   1127409
vip                265025         0         0         0         0         0         0         0    265025
on                 850185    283100         0     50471         0         0         0     45004   1228760
ultra-limited       57076         0         0         0         0         0         0         0     57076
☀                   57076         0         0         0         0         0         0         0     57076
⏰                  57076         0         0         0         0         0         0         0     57076
save                57076    351236         0         0         0         0         0         0    408312
staples             57076         0         0    319291         0         0         0         0    376367
once               359429         0         0         0         0         0         0         0    359429
gone               654508         0         0         0         0         0         0         0    654508
going              654508    324808         0         0         0         0         0         0    979316
twice              654508         0         0         0         0         0         0         0    654508
sad                302624         0         0         0         0         0         0         0    302624
miss               302624         0         0         0         0         0         0         0    302624
probably           805280         0         0         0         0         0         0    336504   1141784
out                302624         0         0    310657         0         0         0         0    613281
special            807859    263889         0         0         0         0         0         0   1071748
khaki              807859    634525    248796         0         0         0         0         0   1691180
signature          807859         0         0         0         0         0         0         0    807859
price              807859    263889         0         0         0         0         0         0   1071748
double             353187         0         0         0         0         0         0         0    353187
your               355370   1065224    248796    453317         0         0    295244    340482   2758433
pants              847644    686562         0    379230         0         0    295244         0   2208680
site               490485         0         0         0         0         0         0         0    490485
plus               490485         0         0         0         0         0         0         0    490485
whole              490485         0         0         0         0         0         0         0    490485
deals              408071         0         0         0         0         0         0         0    408071
warning            408071         0         0         0         0         0         0         0    408071
summer             476806         0         0    710402         0         0         0         0   1187208
$24.99             808281         0         0         0         0         0         0         0    808281
stars              808281         0         0         0         0         0         0         0    808281
over               808281         0         0         0         0         0         0         0    808281
reviews            808281         0         0         0         0         0         0         0    808281
4                  808281         0         0         0         0         0         0         0    808281
thousands          808281         0         0         0         0         0         0         0    808281
enter              484771         0         0         0         0         0         0         0    484771
before             484771         0         0         0         0         0         0         0    484771
want               502656         0         0         0         0         0         0    336504    839160
up                 502656         0         0         0    330538         0         0    254572   1087766
thing              502656         0         0         0         0         0         0         0    502656
pass               502656         0         0         0         0         0         0         0    502656
extending          374863         0         0         0         0         0         0         0    374863
cyber              374863         0         0         0         0         0         0         0    374863
monday             374863         0         0         0         0         0         0         0    374863
year               374863         0         0         0    251362         0    312410         0    938635
deal                53389    353733         0         0     50372         0         0         0    457494
two                494457         0         0         0         0         0         0         0    494457
new                494457    672445         0         0    904824    280356    643572         0   2995654
go                 494457         0         0         0         0         0    206798         0    701255
head-to-head       494457         0         0         0         0         0         0         0    494457
taking               2183         0         0         0         0         0         0         0      2183
$20                  3007         0         0         0         0         0         0         0      3007
order                2183         0         0         0         0         0         0         0      2183
lose                  824    354805         0         0         0         0    224451         0    580080
spend                 824         0         0         0         0         0         0         0       824
chase                   0    341354         0         0         0         0         0         0    341354
jean                    0    341354         0         0         0         0         0         0    341354
let                     0    341354         0         0         0         0    206798         0    548152
colors                  0    341354         0         0         0         0         0         0    341354
cut                     0    341354         0         0         0         0         0         0    341354
that                    0    298910         0    306243         0         0     46935         0    652088
fit                     0    982642         0         0         0         0         0         0    982642
find                    0    298910         0         0         0         0     46628         0    345538
perfectly               0    298910         0         0         0         0         0         0    298910
size                    0    302144         0         0         0         0         0         0    302144
bet                     0    284893         0         0         0         0         0         0    284893
have                    0    320546         0    366087         0         0         0         0    686633
thick                   0    283100         0         0         0         0         0         0    283100
fall                    0    283100         0    333824         0         0         0         0    616924
layering                0    283100         0    309006         0         0         0         0    592106
styles                  0    359814         0    380977         0         0         0         0    740791
&                       0     58978         0         0     50372         0    226914         0    336264
big                     0    410214         0         0         0         0         0         0    410214
best-selling            0     28723         0         0         0         0         0         0     28723
tall                    0     58978         0         0         0         0         0         0     58978
fits                    0    389860         0         0         0         0         0         0    389860
heat                    0     50155         0         0         0         0         0         0     50155
take                    0     50155         0     50471         0         0         0         0    100626
nothing                 0    341272         0         0         0         0         0         0    341272
classic                 0     81951         0         0     50372         0         0         0    132323
true                    0     46298         0         0         0    358889         0         0    405187
relaxed                 0     81951         0         0         0         0         0         0     81951
tried                   0     46298         0         0         0         0         0         0     46298
these                   0    325484     43862   1274755    581834         0         0         0   2225935
need                    0    371951         0         0         0         0     46628         0    418579
about                   0    371951         0         0         0         0         0         0    371951
know                    0    371951    301402         0         0         0         0         0    673353
middle                  0    311017         0         0         0         0         0         0    311017
name                    0    311017         0         0         0         0         0         0    311017
isn't                   0    311017         0         0         0         0         0         0    311017
innovation              0    311017         0         0         0         0         0         0    311017
ever                    0    353733         0    583584         0         0         0         0    937317
biggest                 0    353733         0    274578         0         0         0         0    628311
black                   0    678541         0         0         0         0         0         0    678541
maybe                   0    353733         0         0         0         0         0         0    353733
friday                  0    678541         0         0         0         0         0         0    678541
use                     0    354805         0         0         0         0    224451         0    579256
$100+                   0    284272         0         0         0         0         0         0    284272
30%                     0    284272         0         0    330538         0    295244         0    910054
with                    0    657257         0         0    251362         0         0         0    908619
best                    0    571570         0    424704         0         0     46628         0   1042902
beige                   0    309717         0         0         0         0         0         0    309717
has                     0    309717         0         0         0         0         0         0    309717
who                     0    309717         0         0         0         0         0         0    309717
said                    0    309717         0         0         0         0         0         0    309717
mystery                 0    332189         0         0         0         0         0         0    332189
smart                   0    331091    300230         0         0         0         0         0    631321
series                  0    331091         0         0         0         0         0         0    331091
say                     0    331091         0         0         0         0         0         0    331091
favorite                0     35653         0    342688         0         0    295244         0    673585
khakis                  0     35653     43862         0         0         0         0         0     79515
psa                     0     35653         0         0         0         0         0         0     35653
easy                    0    332449         0     56637         0         0         0         0    389086
getting                 0    332449         0         0         0         0         0         0    332449
famous                  0    332449         0         0         0         0         0         0    332449
gifts                   0    332449         0    303417         0         0     46628    336504   1018998
holiday                 0    332449         0    110629         0         0    264261         0    707339
make                    0    332449         0         0         0         0         0         0    332449
choose                  0    328588         0         0         0         0         0         0    328588
🎮                      0    328588         0         0         0         0         0         0    328588
player                  0    328588         0         0         0         0         0         0    328588
alpha                   0    672679         0         0         0         0         0         0    672679
trouser                 0    346813         0         0         0         0         0         0    346813
meet                    0    346813         0         0         0         0    348328         0    695141
fabric                  0    307681         0         0         0         0         0         0    307681
may                     0    307681         0    309006    286138         0         0     52041    954866
chino                   0    325866         0         0         0         0         0         0    325866
introducing             0    325866         0         0         0         0    491175         0    817041
chinos                  0     46467         0         0         0         0         0         0     46467
flex                    0         0    654867    305799         0         0         0         0    960666
average                 0         0    248796         0         0         0         0         0    248796
around                  0         0    300230         0         0         0         0         0    300230
360                     0         0    353149         0         0         0         0         0    353149
least                   0         0     53235         0         0         0         0         0     53235
most                    0         0     53235         0         0         0         0         0     53235
stretchy                0         0     53235         0         0         0         0         0     53235
from                    0         0     53235         0         0         0         0         0     53235
comfort                 0         0     52919         0         0         0         0         0     52919
degrees                 0         0     52919         0         0         0         0         0     52919
other                   0         0     43862         0         0         0         0         0     43862
no                      0         0     43862         0         0         0    426821         0    470683
like                    0         0     43862         0         0         0         0         0     43862
should                  0         0         0    303224         0         0         0         0    303224
winter                  0         0         0    303224         0         0         0         0    303224
through                 0         0         0    303224         0         0         0         0    303224
couldn't                0         0         0    320613         0         0         0         0    320613
dressing                0         0         0    320613         0         0         0         0    320613
easier                  0         0         0    320613         0         0         0         0    320613
holidays                0         0         0    698278         0         0    327384         0   1025662
dog                     0         0         0    319291         0         0         0         0    319291
days                    0         0         0    319291         0         0         0         0    319291
ditch                   0         0         0    685852         0         0         0         0    685852
sweater                 0         0         0    333348         0         0         0         0    333348
ugly                    0         0         0    333348         0         0         0         0    333348
pockets                 0         0         0    365530         0         0         0         0    365530
code                    0         0         0    352504         0         0         0         0    352504
dress                   0         0         0    352504         0         0         0         0    352504
wear                    0         0         0    391111         0         0         0    231320    622431
party                   0         0         0     48423         0         0         0         0     48423
line-up                 0         0         0    379230         0         0         0         0    379230
absolute                0         0         0    379230         0         0         0         0    379230
list                    0         0         0    305621         0         0         0         0    305621
nice                    0         0         0    305621         0         0         0         0    305621
checklist               0         0         0    308817         0         0         0         0    308817
ultimate                0         0         0    308817         0         0         0         0    308817
college                 0         0         0    308817         0         0         0         0    308817
perfect                 0         0         0    333824         0         0         0         0    333824
get-up                  0         0         0    333824         0         0         0         0    333824
can't                   0         0         0    321734         0         0         0         0    321734
stores                  0         0         0    321734         0         0         0         0    321734
thankful                0         0         0    305799         0         0         0         0    305799
sweaters                0         0         0    286045         0         0         0         0    286045
forecast                0         0         0    286045         0         0         0         0    286045
required                0         0         0    280883         0         0         0         0    280883
connection              0         0         0    280883         0         0         0         0    280883
internet                0         0         0    280883         0         0         0         0    280883
survive                 0         0         0    377665         0         0         0         0    377665
cream                   0         0         0    310657         0         0         0         0    310657
check                   0         0         0    310657         0         0         0         0    310657
crop                    0         0         0    310657         0         0         0         0    310657
both                    0         0         0    306243         0         0         0         0    306243
pant                    0         0         0    306243         0         0         0         0    306243
3                       0         0         0    342688         0         0         0         0    342688
essential               0         0         0    342688         0         0         0    231320    574008
ways                    0         0         0    342688         0         0         0         0    342688
us                      0         0         0     50471         0         0    175168         0    225639
period                  0         0         0    257943         0         0         0         0    257943
top                     0         0         0    257943         0         0         0         0    257943
guide                   0         0         0    309006         0         0    264261         0    573267
easiest                 0         0         0    309006         0         0         0         0    309006
place                   0         0         0     49623         0         0         0         0     49623
exclusive               0         0         0     49623     44334         0         0         0     93957
ticket                  0         0         0     53992         0         0         0         0     53992
found                   0         0         0     45474         0         0         0         0     45474
1-stop                  0         0         0     56637         0         0         0         0     56637
shop                    0         0         0     56637         0         0         0         0     56637
boldest                 0         0         0         0    286138         0         0         0    286138
arrivals                0         0         0         0    632206         0         0         0    632206
yet                     0         0         0         0    286138         0         0         0    286138
look                    0         0         0         0     44334         0         0         0     44334
ready                   0         0         0         0    251362         0         0         0    251362
word                    0         0         0         0    272618         0         0         0    272618
brand                   0         0         0         0    272618    280356         0         0    552974
dockers                 0         0         0         0    272618         0    226914    254572    754104
bold                    0         0         0         0     50372         0         0         0     50372
part                    0         0         0         0     50372         0         0         0     50372
rumors                  0         0         0         0         0    358889         0         0    358889
polo                    0         0         0         0         0    282950         0         0    282950
shirt                   0         0         0         0         0    282950         0     45004    327954
spotlight               0         0         0         0         0    282950         0         0    282950
1986                    0         0         0         0         0    282950         0         0    282950
shoes                   0         0         0         0         0    280356         0         0    280356
capsule                 0         0         0         0         0         0    348328         0    348328
women                   0         0         0         0         0         0    348328         0    348328
give                    0         0         0         0         0         0    206798         0    206798
2019                    0         0         0         0         0         0    264261         0    264261
see                     0         0         0         0         0         0    426821         0    426821
atelier                 0         0         0         0         0         0    226914         0    226914
repairs                 0         0         0         0         0         0    226914         0    226914
x                       0         0         0         0         0         0    226914         0    226914
happy                   0         0         0         0         0         0    327384         0    327384
here                    0         0         0         0         0         0    341872         0    341872
them                    0         0         0         0         0         0     46628         0     46628
went                    0         0         0         0         0         0     46935         0     46935
well                    0         0         0         0         0         0     46935         0     46935
fast                    0         0         0         0         0         0     46935         0     46935
why                     0         0         0         0         0         0    175168         0    175168
ghost                   0         0         0         0         0         0    175168         0    175168
😞                      0         0         0         0         0         0    175168         0    175168
almost                  0         0         0         0         0         0         0    234424    234424
good                    0         0         0         0         0         0         0    294726    294726
pair                    0         0         0         0         0         0         0    254572    254572
next                    0         0         0         0         0         0         0    254572    254572
$150                    0         0         0         0         0         0         0     41396     41396
win                     0         0         0         0         0         0         0     41396     41396
dealing                 0         0         0         0         0         0         0     52041     52041
deep                    0         0         0         0         0         0         0     52041     52041
discounts               0         0         0         0         0         0         0     52041     52041
versatile               0         0         0         0         0         0         0    231320    231320
keep                    0         0         0         0         0         0         0     45004     45004
button-up               0         0         0         0         0         0         0     40906     40906
answers                 0         0         0         0         0         0         0     40906     40906
questions               0         0         0         0         0         0         0     40906     40906
